Validation loss: 2.4574284720515718
BLEU-1: 0.6939446279811442
BLEU-2: 0.45442453332695204
BLEU-3: 0.30953615040058574
BLEU-4: 0.21777761285534783